# Number of sources: 50000
# RA (deg),Dec (deg),I (Jy),Q (Jy),U (Jy),V (Jy),Ref. freq. (Hz),Spectral index,Rotation measure (rad/m^2),FWHM major (arcsec),FWHM minor (arcsec),Position angle (deg)
26.364838, -29.179299, 3.966920e+01, 0.000000e+00, 0.000000e+00, 0.000000e+00, 1.000000e+08, 0.000000e+00, 0.000000e+00, 1.000000e+01, 5.000000e+00,  50.000000
27.631216, -25.557803, 8.140522e+01, 0.000000e+00, 0.000000e+00, 0.000000e+00, 1.000000e+08, 0.000000e+00, 0.000000e+00, 1.000000e+01, 5.000000e+00,  50.000000
12.376912, -26.373146, 2.747736e+01, 0.000000e+00, 0.000000e+00, 0.000000e+00, 1.000000e+08, 0.000000e+00, 0.000000e+00, 1.000000e+01, 5.000000e+00,  50.000000
13.762343, -26.818506, 1.525455e+01, 0.000000e+00, 0.000000e+00, 0.000000e+00, 1.000000e+08, 0.000000e+00, 0.000000e+00, 1.000000e+01, 5.000000e+00,  50.000000
9.307101, -27.824203, 3.046420e+01, 0.000000e+00, 0.000000e+00, 0.000000e+00, 1.000000e+08, 0.000000e+00, 0.000000e+00, 1.000000e+01, 5.000000e+00,  50.000000
26.863300, -28.974663, 4.730936e+01, 0.000000e+00, 0.000000e+00, 0.000000e+00, 1.000000e+08, 0.000000e+00, 0.000000e+00, 1.000000e+01, 5.000000e+00,  50.000000
24.275334, -22.219333, 8.478195e+01, 0.000000e+00, 0.000000e+00, 0.000000e+00, 1.000000e+08, 0.000000e+00, 0.000000e+00, 1.000000e+01, 5.000000e+00,  50.000000
18.438039, -38.034926, 8.426006e+01, 0.000000e+00, 0.000000e+00, 0.000000e+00, 1.000000e+08, 0.000000e+00, 0.000000e+00, 1.000000e+01, 5.000000e+00,  50.000000
9.396845, -30.668673, 2.391785e+01, 0.000000e+00, 0.000000e+00, 0.000000e+00, 1.000000e+08, 0.000000e+00, 0.000000e+00, 1.000000e+01, 5.000000e+00,  50.000000
13.817306, -25.859074, 8.090472e+01, 0.000000e+00, 0.000000e+00, 0.000000e+00, 1.000000e+08, 0.000000e+00, 0.000000e+00, 1.000000e+01, 5.000000e+00,  50.000000
24.490642, -30.208858, 6.573516e+01, 0.000000e+00, 0.000000e+00, 0.000000e+00, 1.000000e+08, 0.000000e+00, 0.000000e+00, 1.000000e+01, 5.000000e+00,  50.000000
20.468902, -23.429110, 3.561891e+01, 0.000000e+00, 0.000000e+00, 0.000000e+00, 1.000000e+08, 0.000000e+00, 0.000000e+00, 1.000000e+01, 5.000000e+00,  50.000000
27.824147, -28.694977, 9.267645e+01, 0.000000e+00, 0.000000e+00, 0.000000e+00, 1.000000e+08, 0.000000e+00, 0.000000e+00, 1.000000e+01, 5.000000e+00,  50.000000
19.142999, -22.006328, 2.743913e+01, 0.000000e+00, 0.000000e+00, 0.000000e+00, 1.000000e+08, 0.000000e+00, 0.000000e+00, 1.000000e+01, 5.000000e+00,  50.000000
24.296103, -31.119360, 4.723361e+01, 0.000000e+00, 0.000000e+00, 0.000000e+00, 1.000000e+08, 0.000000e+00, 0.000000e+00, 1.000000e+01, 5.000000e+00,  50.000000
11.257006, -32.633527, 3.051835e+01, 0.000000e+00, 0.000000e+00, 0.000000e+00, 1.000000e+08, 0.000000e+00, 0.000000e+00, 1.000000e+01, 5.000000e+00,  50.000000
21.251338, -25.930839, 4.988219e+01, 0.000000e+00, 0.000000e+00, 0.000000e+00, 1.000000e+08, 0.000000e+00, 0.000000e+00, 1.000000e+01, 5.000000e+00,  50.000000
21.760301, -29.826326, 1.966308e+01, 0.000000e+00, 0.000000e+00, 0.000000e+00, 1.000000e+08, 0.000000e+00, 0.000000e+00, 1.000000e+01, 5.000000e+00,  50.000000
20.000454, -37.386048, 6.544740e+01, 0.000000e+00, 0.000000e+00, 0.000000e+00, 1.000000e+08, 0.000000e+00, 0.000000e+00, 1.000000e+01, 5.000000e+00,  50.000000
27.271883, -27.115192, 3.703237e+01, 0.000000e+00, 0.000000e+00, 0.000000e+00, 1.000000e+08, 0.000000e+00, 0.000000e+00, 1.000000e+01, 5.000000e+00,  50.000000
23.489152, -26.726057, 1.987166e+01, 0.000000e+00, 0.000000e+00, 0.000000e+00, 1.000000e+08, 0.000000e+00, 0.000000e+00, 1.000000e+01, 5.000000e+00,  50.000000
23.286601, -36.249323, 7.808853e+01, 0.000000e+00, 0.000000e+00, 0.000000e+00, 1.000000e+08, 0.000000e+00, 0.000000e+00, 1.000000e+01, 5.000000e+00,  50.000000
19.586930, -39.450302, 1.705508e+01, 0.000000e+00, 0.000000e+00, 0.000000e+00, 1.000000e+08, 0.000000e+00, 0.000000e+00, 1.000000e+01, 5.000000e+00,  50.000000
25.263391, -27.138281, 9.686924e+01, 0.000000e+00, 0.000000e+00, 0.000000e+00, 1.000000e+08, 0.000000e+00, 0.000000e+00, 1.000000e+01, 5.000000e+00,  50.000000
21.995977, -36.043707, 2.477239e+01, 0.000000e+00, 0.000000e+00, 0.000000e+00, 1.000000e+08, 0.000000e+00, 0.000000e+00, 1.000000e+01, 5.000000e+00,  50.000000
19.548753, -26.959701, 1.933950e+01, 0.000000e+00, 0.000000e+00, 0.000000e+00, 1.000000e+08, 0.000000e+00, 0.000000e+00, 1.000000e+01, 5.000000e+00,  50.000000
12.398967, -29.599810, 7.266380e+01, 0.000000e+00, 0.000000e+00, 0.000000e+00, 1.000000e+08, 0.000000e+00, 0.000000e+00, 1.000000e+01, 5.000000e+00,  50.000000
20.243395, -29.289835, 4.692513e+01, 0.000000e+00, 0.000000e+00, 0.000000e+00, 1.000000e+08, 0.000000e+00, 0.000000e+00, 1.000000e+01, 5.000000e+00,  50.000000
27.118165, -33.146324, 1.138638e+01, 0.000000e+00, 0.000000e+00, 0.000000e+00, 1.000000e+08, 0.000000e+00, 0.000000e+00, 1.000000e+01, 5.000000e+00,  50.000000
16.330528, -29.996258, 7.171388e+01, 0.000000e+00, 0.000000e+00, 0.000000e+00, 1.000000e+08, 0.000000e+00, 0.000000e+00, 1.000000e+01, 5.000000e+00,  50.000000
10.389829, -28.707196, 5.170014e+01, 0.000000e+00, 0.000000e+00, 0.000000e+00, 1.000000e+08, 0.000000e+00, 0.000000e+00, 1.000000e+01, 5.000000e+00,  50.000000
16.672678, -29.651364, 2.440620e+01, 0.000000e+00, 0.000000e+00, 0.000000e+00, 1.000000e+08, 0.000000e+00, 0.000000e+00, 1.000000e+01, 5.000000e+00,  50.000000
24.284592, -32.165717, 2.334826e+01, 0.000000e+00, 0.000000e+00, 0.000000e+00, 1.000000e+08, 0.000000e+00, 0.000000e+00, 1.000000e+01, 5.000000e+00,  50.000000
14.020867, -35.184073, 1.509602e+01, 0.000000e+00, 0.000000e+00, 0.000000e+00, 1.000000e+08, 0.000000e+00, 0.000000e+00, 1.000000e+01, 5.000000e+00,  50.000000
26.040130, -31.739602, 4.062674e+01, 0.000000e+00, 0.000000e+00, 0.000000e+00, 1.000000e+08, 0.000000e+00, 0.000000e+00, 1.000000e+01, 5.000000e+00,  50.000000
18.146863, -39.086345, 3.561301e+01, 0.000000e+00, 0.000000e+00, 0.000000e+00, 1.000000e+08, 0.000000e+00, 0.000000e+00, 1.000000e+01, 5.000000e+00,  50.000000
19.293985, -24.824546, 1.117410e+01, 0.000000e+00, 0.000000e+00, 0.000000e+00, 1.000000e+08, 0.000000e+00, 0.000000e+00, 1.000000e+01, 5.000000e+00,  50.000000
28.035031, -28.138539, 5.860434e+01, 0.000000e+00, 0.000000e+00, 0.000000e+00, 1.000000e+08, 0.000000e+00, 0.000000e+00, 1.000000e+01, 5.000000e+00,  50.000000
19.111694, -24.275679, 1.428844e+01, 0.000000e+00, 0.000000e+00, 0.000000e+00, 1.000000e+08, 0.000000e+00, 0.000000e+00, 1.000000e+01, 5.000000e+00,  50.000000
9.329276, -33.241414, 2.153750e+01, 0.000000e+00, 0.000000e+00, 0.000000e+00, 1.000000e+08, 0.000000e+00, 0.000000e+00, 1.000000e+01, 5.000000e+00,  50.000000
27.004527, -22.660778, 4.683951e+01, 0.000000e+00, 0.000000e+00, 0.000000e+00, 1.000000e+08, 0.000000e+00, 0.000000e+00, 1.000000e+01, 5.000000e+00,  50.000000
15.002934, -30.957494, 6.191208e+01, 0.000000e+00, 0.000000e+00, 0.000000e+00, 1.000000e+08, 0.000000e+00, 0.000000e+00, 1.000000e+01, 5.000000e+00,  50.000000
25.053158, -30.786074, 1.508287e+01, 0.000000e+00, 0.000000e+00, 0.000000e+00, 1.000000e+08, 0.000000e+00, 0.000000e+00, 1.000000e+01, 5.000000e+00,  50.000000
21.861069, -32.731817, 9.757835e+01, 0.000000e+00, 0.000000e+00, 0.000000e+00, 1.000000e+08, 0.000000e+00, 0.000000e+00, 1.000000e+01, 5.000000e+00,  50.000000
11.517847, -36.189009, 2.220331e+01, 0.000000e+00, 0.000000e+00, 0.000000e+00, 1.000000e+08, 0.000000e+00, 0.000000e+00, 1.000000e+01, 5.000000e+00,  50.000000
19.670564, -36.403641, 1.484140e+01, 0.000000e+00, 0.000000e+00, 0.000000e+00, 1.000000e+08, 0.000000e+00, 0.000000e+00, 1.000000e+01, 5.000000e+00,  50.000000
22.335969, -38.011041, 1.585105e+01, 0.000000e+00, 0.000000e+00, 0.000000e+00, 1.000000e+08, 0.000000e+00, 0.000000e+00, 1.000000e+01, 5.000000e+00,  50.000000
27.711104, -27.199249, 3.174304e+01, 0.000000e+00, 0.000000e+00, 0.000000e+00, 1.000000e+08, 0.000000e+00, 0.000000e+00, 1.000000e+01, 5.000000e+00,  50.000000
30.967019, -32.841984, 5.974091e+01, 0.000000e+00, 0.000000e+00, 0.000000e+00, 1.000000e+08, 0.000000e+00, 0.000000e+00, 1.000000e+01, 5.000000e+00,  50.000000
24.141507, -21.115345, 5.075741e+01, 0.000000e+00, 0.000000e+00, 0.000000e+00, 1.000000e+08, 0.000000e+00, 0.000000e+00, 1.000000e+01, 5.000000e+00,  50.000000
23.850003, -24.234614, 7.261361e+01, 0.000000e+00, 0.000000e+00, 0.000000e+00, 1.000000e+08, 0.000000e+00, 0.000000e+00, 1.000000e+01, 5.000000e+00,  50.000000
21.297756, -37.556567, 2.769137e+01, 0.000000e+00, 0.000000e+00, 0.000000e+00, 1.000000e+08, 0.000000e+00, 0.000000e+00, 1.000000e+01, 5.000000e+00,  50.000000
13.561148, -32.245747, 1.702235e+01, 0.000000e+00, 0.000000e+00, 0.000000e+00, 1.000000e+08, 0.000000e+00, 0.000000e+00, 1.000000e+01, 5.000000e+00,  50.000000
30.005069, -28.001626, 7.305944e+01, 0.000000e+00, 0.000000e+00, 0.000000e+00, 1.000000e+08, 0.000000e+00, 0.000000e+00, 1.000000e+01, 5.000000e+00,  50.000000
21.878821, -39.424470, 1.258264e+01, 0.000000e+00, 0.000000e+00, 0.000000e+00, 1.000000e+08, 0.000000e+00, 0.000000e+00, 1.000000e+01, 5.000000e+00,  50.000000
20.414703, -33.997478, 2.460337e+01, 0.000000e+00, 0.000000e+00, 0.000000e+00, 1.000000e+08, 0.000000e+00, 0.000000e+00, 1.000000e+01, 5.000000e+00,  50.000000
20.151039, -27.940453, 7.486747e+01, 0.000000e+00, 0.000000e+00, 0.000000e+00, 1.000000e+08, 0.000000e+00, 0.000000e+00, 1.000000e+01, 5.000000e+00,  50.000000
22.254435, -27.597864, 3.510017e+01, 0.000000e+00, 0.000000e+00, 0.000000e+00, 1.000000e+08, 0.000000e+00, 0.000000e+00, 1.000000e+01, 5.000000e+00,  50.000000
18.011050, -32.125815, 7.901658e+01, 0.000000e+00, 0.000000e+00, 0.000000e+00, 1.000000e+08, 0.000000e+00, 0.000000e+00, 1.000000e+01, 5.000000e+00,  50.000000
28.266115, -28.517329, 1.700800e+01, 0.000000e+00, 0.000000e+00, 0.000000e+00, 1.000000e+08, 0.000000e+00, 0.000000e+00, 1.000000e+01, 5.000000e+00,  50.000000
26.400676, -34.700957, 5.350346e+01, 0.000000e+00, 0.000000e+00, 0.000000e+00, 1.000000e+08, 0.000000e+00, 0.000000e+00, 1.000000e+01, 5.000000e+00,  50.000000
22.295781, -32.823379, 6.925652e+01, 0.000000e+00, 0.000000e+00, 0.000000e+00, 1.000000e+08, 0.000000e+00, 0.000000e+00, 1.000000e+01, 5.000000e+00,  50.000000
27.046909, -28.989269, 6.214783e+01, 0.000000e+00, 0.000000e+00, 0.000000e+00, 1.000000e+08, 0.000000e+00, 0.000000e+00, 1.000000e+01, 5.000000e+00,  50.000000
17.202398, -27.143645, 4.035460e+01, 0.000000e+00, 0.000000e+00, 0.000000e+00, 1.000000e+08, 0.000000e+00, 0.000000e+00, 1.000000e+01, 5.000000e+00,  50.000000
26.390801, -32.029807, 5.829480e+01, 0.000000e+00, 0.000000e+00, 0.000000e+00, 1.000000e+08, 0.000000e+00, 0.000000e+00, 1.000000e+01, 5.000000e+00,  50.000000
26.062737, -29.952743, 6.558681e+01, 0.000000e+00, 0.000000e+00, 0.000000e+00, 1.000000e+08, 0.000000e+00, 0.000000e+00, 1.000000e+01, 5.000000e+00,  50.000000
26.579867, -24.011306, 1.550689e+01, 0.000000e+00, 0.000000e+00, 0.000000e+00, 1.000000e+08, 0.000000e+00, 0.000000e+00, 1.000000e+01, 5.000000e+00,  50.000000
18.571457, -30.263342, 2.157356e+01, 0.000000e+00, 0.000000e+00, 0.000000e+00, 1.000000e+08, 0.000000e+00, 0.000000e+00, 1.000000e+01, 5.000000e+00,  50.000000
16.913159, -34.090311, 6.958222e+01, 0.000000e+00, 0.000000e+00, 0.000000e+00, 1.000000e+08, 0.000000e+00, 0.000000e+00, 1.000000e+01, 5.000000e+00,  50.000000
24.712958, -36.126899, 2.666027e+01, 0.000000e+00, 0.000000e+00, 0.000000e+00, 1.000000e+08, 0.000000e+00, 0.000000e+00, 1.000000e+01, 5.000000e+00,  50.000000
24.382577, -37.168728, 5.612786e+01, 0.000000e+00, 0.000000e+00, 0.000000e+00, 1.000000e+08, 0.000000e+00, 0.000000e+00, 1.000000e+01, 5.000000e+00,  50.000000
20.077797, -33.649552, 6.391963e+01, 0.000000e+00, 0.000000e+00, 0.000000e+00, 1.000000e+08, 0.000000e+00, 0.000000e+00, 1.000000e+01, 5.000000e+00,  50.000000
20.927387, -25.105414, 2.415206e+01, 0.000000e+00, 0.000000e+00, 0.000000e+00, 1.000000e+08, 0.000000e+00, 0.000000e+00, 1.000000e+01, 5.000000e+00,  50.000000
30.505114, -29.370292, 2.279456e+01, 0.000000e+00, 0.000000e+00, 0.000000e+00, 1.000000e+08, 0.000000e+00, 0.000000e+00, 1.000000e+01, 5.000000e+00,  50.000000
20.180147, -39.160391, 1.250328e+01, 0.000000e+00, 0.000000e+00, 0.000000e+00, 1.000000e+08, 0.000000e+00, 0.000000e+00, 1.000000e+01, 5.000000e+00,  50.000000
16.593928, -26.608803, 1.990205e+01, 0.000000e+00, 0.000000e+00, 0.000000e+00, 1.000000e+08, 0.000000e+00, 0.000000e+00, 1.000000e+01, 5.000000e+00,  50.000000
19.335203, -27.660425, 2.411914e+01, 0.000000e+00, 0.000000e+00, 0.000000e+00, 1.000000e+08, 0.000000e+00, 0.000000e+00, 1.000000e+01, 5.000000e+00,  50.000000
21.409716, -30.331029, 1.105229e+01, 0.000000e+00, 0.000000e+00, 0.000000e+00, 1.000000e+08, 0.000000e+00, 0.000000e+00, 1.000000e+01, 5.000000e+00,  50.000000
26.320807, -23.739762, 8.270058e+01, 0.000000e+00, 0.000000e+00, 0.000000e+00, 1.000000e+08, 0.000000e+00, 0.000000e+00, 1.000000e+01, 5.000000e+00,  50.000000
14.547447, -38.698954, 4.570666e+01, 0.000000e+00, 0.000000e+00, 0.000000e+00, 1.000000e+08, 0.000000e+00, 0.000000e+00, 1.000000e+01, 5.000000e+00,  50.000000
22.248095, -25.838421, 6.908933e+01, 0.000000e+00, 0.000000e+00, 0.000000e+00, 1.000000e+08, 0.000000e+00, 0.000000e+00, 1.000000e+01, 5.000000e+00,  50.000000
15.889950, -29.050782, 1.669165e+01, 0.000000e+00, 0.000000e+00, 0.000000e+00, 1.000000e+08, 0.000000e+00, 0.000000e+00, 1.000000e+01, 5.000000e+00,  50.000000
19.424575, -36.086632, 3.545505e+01, 0.000000e+00, 0.000000e+00, 0.000000e+00, 1.000000e+08, 0.000000e+00, 0.000000e+00, 1.000000e+01, 5.000000e+00,  50.000000
11.760746, -34.763440, 3.578587e+01, 0.000000e+00, 0.000000e+00, 0.000000e+00, 1.000000e+08, 0.000000e+00, 0.000000e+00, 1.000000e+01, 5.000000e+00,  50.000000
13.883183, -36.256618, 4.072175e+01, 0.000000e+00, 0.000000e+00, 0.000000e+00, 1.000000e+08, 0.000000e+00, 0.000000e+00, 1.000000e+01, 5.000000e+00,  50.000000
17.558282, -28.521439, 2.236962e+01, 0.000000e+00, 0.000000e+00, 0.000000e+00, 1.000000e+08, 0.000000e+00, 0.000000e+00, 1.000000e+01, 5.000000e+00,  50.000000
21.835980, -20.905534, 1.221511e+01, 0.000000e+00, 0.000000e+00, 0.000000e+00, 1.000000e+08, 0.000000e+00, 0.000000e+00, 1.000000e+01, 5.000000e+00,  50.000000
19.461808, -30.495367, 6.490955e+01, 0.000000e+00, 0.000000e+00, 0.000000e+00, 1.000000e+08, 0.000000e+00, 0.000000e+00, 1.000000e+01, 5.000000e+00,  50.000000
14.907859, -29.161940, 7.641615e+01, 0.000000e+00, 0.000000e+00, 0.000000e+00, 1.000000e+08, 0.000000e+00, 0.000000e+00, 1.000000e+01, 5.000000e+00,  50.000000
18.755684, -22.375906, 9.898373e+01, 0.000000e+00, 0.000000e+00, 0.000000e+00, 1.000000e+08, 0.000000e+00, 0.000000e+00, 1.000000e+01, 5.000000e+00,  50.000000
29.659366, -33.716010, 1.870905e+01, 0.000000e+00, 0.000000e+00, 0.000000e+00, 1.000000e+08, 0.000000e+00, 0.000000e+00, 1.000000e+01, 5.000000e+00,  50.000000
28.094491, -28.701800, 1.896468e+01, 0.000000e+00, 0.000000e+00, 0.000000e+00, 1.000000e+08, 0.000000e+00, 0.000000e+00, 1.000000e+01, 5.000000e+00,  50.000000
17.162920, -27.191555, 8.187495e+01, 0.000000e+00, 0.000000e+00, 0.000000e+00, 1.000000e+08, 0.000000e+00, 0.000000e+00, 1.000000e+01, 5.000000e+00,  50.000000
22.774400, -24.249946, 1.633967e+01, 0.000000e+00, 0.000000e+00, 0.000000e+00, 1.000000e+08, 0.000000e+00, 0.000000e+00, 1.000000e+01, 5.000000e+00,  50.000000
10.701428, -32.546756, 1.623457e+01, 0.000000e+00, 0.000000e+00, 0.000000e+00, 1.000000e+08, 0.000000e+00, 0.000000e+00, 1.000000e+01, 5.000000e+00,  50.000000
23.638585, -28.913253, 5.822016e+01, 0.000000e+00, 0.000000e+00, 0.000000e+00, 1.000000e+08, 0.000000e+00, 0.000000e+00, 1.000000e+01, 5.000000e+00,  50.000000
16.749376, -29.116560, 3.636142e+01, 0.000000e+00, 0.000000e+00, 0.000000e+00, 1.000000e+08, 0.000000e+00, 0.000000e+00, 1.000000e+01, 5.000000e+00,  50.000000
24.945089, -22.421209, 3.953044e+01, 0.000000e+00, 0.000000e+00, 0.000000e+00, 1.000000e+08, 0.000000e+00, 0.000000e+00, 1.000000e+01, 5.000000e+00,  50.000000
13.411049, -36.205074, 9.450447e+01, 0.000000e+00, 0.000000e+00, 0.000000e+00, 1.000000e+08, 0.000000e+00, 0.000000e+00, 1.000000e+01, 5.000000e+00,  50.000000
21.704675, -22.965942, 6.351650e+01, 0.000000e+00, 0.000000e+00, 0.000000e+00, 1.000000e+08, 0.000000e+00, 0.000000e+00, 1.000000e+01, 5.000000e+00,  50.000000
21.635398, -35.400181, 3.263630e+01, 0.000000e+00, 0.000000e+00, 0.000000e+00, 1.000000e+08, 0.000000e+00, 0.000000e+00, 1.000000e+01, 5.000000e+00,  50.000000
12.084885, -27.571790, 4.611361e+01, 0.000000e+00, 0.000000e+00, 0.000000e+00, 1.000000e+08, 0.000000e+00, 0.000000e+00, 1.000000e+01, 5.000000e+00,  50.000000
10.420098, -27.141560, 5.879554e+01, 0.000000e+00, 0.000000e+00, 0.000000e+00, 1.000000e+08, 0.000000e+00, 0.000000e+00, 1.000000e+01, 5.000000e+00,  50.000000
28.152856, -33.206481, 3.295407e+01, 0.000000e+00, 0.000000e+00, 0.000000e+00, 1.000000e+08, 0.000000e+00, 0.000000e+00, 1.000000e+01, 5.000000e+00,  50.000000
21.302283, -25.018459, 4.013649e+01, 0.000000e+00, 0.000000e+00, 0.000000e+00, 1.000000e+08, 0.000000e+00, 0.000000e+00, 1.000000e+01, 5.000000e+00,  50.000000
18.829693, -31.634967, 9.817472e+01, 0.000000e+00, 0.000000e+00, 0.000000e+00, 1.000000e+08, 0.000000e+00, 0.000000e+00, 1.000000e+01, 5.000000e+00,  50.000000
24.732456, -38.336011, 1.159404e+01, 0.000000e+00, 0.000000e+00, 0.000000e+00, 1.000000e+08, 0.000000e+00, 0.000000e+00, 1.000000e+01, 5.000000e+00,  50.000000
17.954361, -31.250284, 4.361006e+01, 0.000000e+00, 0.000000e+00, 0.000000e+00, 1.000000e+08, 0.000000e+00, 0.000000e+00, 1.000000e+01, 5.000000e+00,  50.000000
21.138585, -27.964666, 5.969500e+01, 0.000000e+00, 0.000000e+00, 0.000000e+00, 1.000000e+08, 0.000000e+00, 0.000000e+00, 1.000000e+01, 5.000000e+00,  50.000000
18.203740, -32.635959, 3.247338e+01, 0.000000e+00, 0.000000e+00, 0.000000e+00, 1.000000e+08, 0.000000e+00, 0.000000e+00, 1.000000e+01, 5.000000e+00,  50.000000
23.827446, -20.954491, 1.682906e+01, 0.000000e+00, 0.000000e+00, 0.000000e+00, 1.000000e+08, 0.000000e+00, 0.000000e+00, 1.000000e+01, 5.000000e+00,  50.000000
30.838970, -31.322664, 2.298028e+01, 0.000000e+00, 0.000000e+00, 0.000000e+00, 1.000000e+08, 0.000000e+00, 0.000000e+00, 1.000000e+01, 5.000000e+00,  50.000000
29.186986, -31.917194, 3.613019e+01, 0.000000e+00, 0.000000e+00, 0.000000e+00, 1.000000e+08, 0.000000e+00, 0.000000e+00, 1.000000e+01, 5.000000e+00,  50.000000
11.839423, -25.361572, 6.154115e+01, 0.000000e+00, 0.000000e+00, 0.000000e+00, 1.000000e+08, 0.000000e+00, 0.000000e+00, 1.000000e+01, 5.000000e+00,  50.000000
19.469444, -31.338571, 1.339891e+01, 0.000000e+00, 0.000000e+00, 0.000000e+00, 1.000000e+08, 0.000000e+00, 0.000000e+00, 1.000000e+01, 5.000000e+00,  50.000000
24.075800, -38.475139, 6.424825e+01, 0.000000e+00, 0.000000e+00, 0.000000e+00, 1.000000e+08, 0.000000e+00, 0.000000e+00, 1.000000e+01, 5.000000e+00,  50.000000
18.854027, -28.587426, 3.259234e+01, 0.000000e+00, 0.000000e+00, 0.000000e+00, 1.000000e+08, 0.000000e+00, 0.000000e+00, 1.000000e+01, 5.000000e+00,  50.000000
9.671408, -30.136007, 3.353278e+01, 0.000000e+00, 0.000000e+00, 0.000000e+00, 1.000000e+08, 0.000000e+00, 0.000000e+00, 1.000000e+01, 5.000000e+00,  50.000000
20.628930, -32.528417, 4.939151e+01, 0.000000e+00, 0.000000e+00, 0.000000e+00, 1.000000e+08, 0.000000e+00, 0.000000e+00, 1.000000e+01, 5.000000e+00,  50.000000
12.383167, -26.634109, 3.825296e+01, 0.000000e+00, 0.000000e+00, 0.000000e+00, 1.000000e+08, 0.000000e+00, 0.000000e+00, 1.000000e+01, 5.000000e+00,  50.000000
28.194866, -34.053349, 7.721910e+01, 0.000000e+00, 0.000000e+00, 0.000000e+00, 1.000000e+08, 0.000000e+00, 0.000000e+00, 1.000000e+01, 5.000000e+00,  50.000000
11.852108, -25.383698, 1.290405e+01, 0.000000e+00, 0.000000e+00, 0.000000e+00, 1.000000e+08, 0.000000e+00, 0.000000e+00, 1.000000e+01, 5.000000e+00,  50.000000
11.840835, -26.561214, 4.377852e+01, 0.000000e+00, 0.000000e+00, 0.000000e+00, 1.000000e+08, 0.000000e+00, 0.000000e+00, 1.000000e+01, 5.000000e+00,  50.000000
17.392971, -21.960223, 7.627691e+01, 0.000000e+00, 0.000000e+00, 0.000000e+00, 1.000000e+08, 0.000000e+00, 0.000000e+00, 1.000000e+01, 5.000000e+00,  50.000000
13.418029, -37.581589, 1.875506e+01, 0.000000e+00, 0.000000e+00, 0.000000e+00, 1.000000e+08, 0.000000e+00, 0.000000e+00, 1.000000e+01, 5.000000e+00,  50.000000
11.240245, -36.048663, 4.684249e+01, 0.000000e+00, 0.000000e+00, 0.000000e+00, 1.000000e+08, 0.000000e+00, 0.000000e+00, 1.000000e+01, 5.000000e+00,  50.000000
23.042200, -28.702026, 1.207168e+01, 0.000000e+00, 0.000000e+00, 0.000000e+00, 1.000000e+08, 0.000000e+00, 0.000000e+00, 1.000000e+01, 5.000000e+00,  50.000000
21.989523, -29.843637, 6.111947e+01, 0.000000e+00, 0.000000e+00, 0.000000e+00, 1.000000e+08, 0.000000e+00, 0.000000e+00, 1.000000e+01, 5.000000e+00,  50.000000
29.918004, -32.406826, 1.951339e+01, 0.000000e+00, 0.000000e+00, 0.000000e+00, 1.000000e+08, 0.000000e+00, 0.000000e+00, 1.000000e+01, 5.000000e+00,  50.000000
11.096086, -29.832849, 4.747325e+01, 0.000000e+00, 0.000000e+00, 0.000000e+00, 1.000000e+08, 0.000000e+00, 0.000000e+00, 1.000000e+01, 5.000000e+00,  50.000000
19.377469, -29.436958, 1.672520e+01, 0.000000e+00, 0.000000e+00, 0.000000e+00, 1.000000e+08, 0.000000e+00, 0.000000e+00, 1.000000e+01, 5.000000e+00,  50.000000
16.174480, -26.663554, 1.856118e+01, 0.000000e+00, 0.000000e+00, 0.000000e+00, 1.000000e+08, 0.000000e+00, 0.000000e+00, 1.000000e+01, 5.000000e+00,  50.000000
23.654099, -21.200345, 5.365310e+01, 0.000000e+00, 0.000000e+00, 0.000000e+00, 1.000000e+08, 0.000000e+00, 0.000000e+00, 1.000000e+01, 5.000000e+00,  50.000000
14.760599, -35.638414, 6.310029e+01, 0.000000e+00, 0.000000e+00, 0.000000e+00, 1.000000e+08, 0.000000e+00, 0.000000e+00, 1.000000e+01, 5.000000e+00,  50.000000
16.331431, -21.464003, 7.636326e+01, 0.000000e+00, 0.000000e+00, 0.000000e+00, 1.000000e+08, 0.000000e+00, 0.000000e+00, 1.000000e+01, 5.000000e+00,  50.000000
14.343812, -36.414870, 8.719634e+01, 0.000000e+00, 0.000000e+00, 0.000000e+00, 1.000000e+08, 0.000000e+00, 0.000000e+00, 1.000000e+01, 5.000000e+00,  50.000000
17.811880, -25.452452, 1.429852e+01, 0.000000e+00, 0.000000e+00, 0.000000e+00, 1.000000e+08, 0.000000e+00, 0.000000e+00, 1.000000e+01, 5.000000e+00,  50.000000
26.844978, -29.640822, 3.326121e+01, 0.000000e+00, 0.000000e+00, 0.000000e+00, 1.000000e+08, 0.000000e+00, 0.000000e+00, 1.000000e+01, 5.000000e+00,  50.000000
26.020615, -28.132113, 1.839330e+01, 0.000000e+00, 0.000000e+00, 0.000000e+00, 1.000000e+08, 0.000000e+00, 0.000000e+00, 1.000000e+01, 5.000000e+00,  50.000000
22.927931, -26.586467, 7.104481e+01, 0.000000e+00, 0.000000e+00, 0.000000e+00, 1.000000e+08, 0.000000e+00, 0.000000e+00, 1.000000e+01, 5.000000e+00,  50.000000
19.165594, -34.831455, 1.724163e+01, 0.000000e+00, 0.000000e+00, 0.000000e+00, 1.000000e+08, 0.000000e+00, 0.000000e+00, 1.000000e+01, 5.000000e+00,  50.000000
23.568970, -39.381891, 7.702898e+01, 0.000000e+00, 0.000000e+00, 0.000000e+00, 1.000000e+08, 0.000000e+00, 0.000000e+00, 1.000000e+01, 5.000000e+00,  50.000000
19.875111, -39.831297, 5.375748e+01, 0.000000e+00, 0.000000e+00, 0.000000e+00, 1.000000e+08, 0.000000e+00, 0.000000e+00, 1.000000e+01, 5.000000e+00,  50.000000
17.334972, -20.587182, 1.788382e+01, 0.000000e+00, 0.000000e+00, 0.000000e+00, 1.000000e+08, 0.000000e+00, 0.000000e+00, 1.000000e+01, 5.000000e+00,  50.000000
24.740381, -26.348966, 4.058346e+01, 0.000000e+00, 0.000000e+00, 0.000000e+00, 1.000000e+08, 0.000000e+00, 0.000000e+00, 1.000000e+01, 5.000000e+00,  50.000000
14.213122, -37.175675, 7.855902e+01, 0.000000e+00, 0.000000e+00, 0.000000e+00, 1.000000e+08, 0.000000e+00, 0.000000e+00, 1.000000e+01, 5.000000e+00,  50.000000
16.965073, -29.307553, 9.221105e+01, 0.000000e+00, 0.000000e+00, 0.000000e+00, 1.000000e+08, 0.000000e+00, 0.000000e+00, 1.000000e+01, 5.000000e+00,  50.000000
15.260497, -24.218244, 2.305113e+01, 0.000000e+00, 0.000000e+00, 0.000000e+00, 1.000000e+08, 0.000000e+00, 0.000000e+00, 1.000000e+01, 5.000000e+00,  50.000000
16.689613, -33.993981, 1.181332e+01, 0.000000e+00, 0.000000e+00, 0.000000e+00, 1.000000e+08, 0.000000e+00, 0.000000e+00, 1.000000e+01, 5.000000e+00,  50.000000
12.339865, -37.364143, 1.043760e+01, 0.000000e+00, 0.000000e+00, 0.000000e+00, 1.000000e+08, 0.000000e+00, 0.000000e+00, 1.000000e+01, 5.000000e+00,  50.000000
20.010050, -21.209704, 2.967213e+01, 0.000000e+00, 0.000000e+00, 0.000000e+00, 1.000000e+08, 0.000000e+00, 0.000000e+00, 1.000000e+01, 5.000000e+00,  50.000000
16.462260, -35.466696, 1.495181e+01, 0.000000e+00, 0.000000e+00, 0.000000e+00, 1.000000e+08, 0.000000e+00, 0.000000e+00, 1.000000e+01, 5.000000e+00,  50.000000
17.497515, -29.289972, 1.321368e+01, 0.000000e+00, 0.000000e+00, 0.000000e+00, 1.000000e+08, 0.000000e+00, 0.000000e+00, 1.000000e+01, 5.000000e+00,  50.000000
24.189019, -23.138476, 3.930645e+01, 0.000000e+00, 0.000000e+00, 0.000000e+00, 1.000000e+08, 0.000000e+00, 0.000000e+00, 1.000000e+01, 5.000000e+00,  50.000000
21.888909, -33.387710, 5.874347e+01, 0.000000e+00, 0.000000e+00, 0.000000e+00, 1.000000e+08, 0.000000e+00, 0.000000e+00, 1.000000e+01, 5.000000e+00,  50.000000
22.029273, -34.181327, 1.363093e+01, 0.000000e+00, 0.000000e+00, 0.000000e+00, 1.000000e+08, 0.000000e+00, 0.000000e+00, 1.000000e+01, 5.000000e+00,  50.000000
21.253261, -36.733772, 6.380309e+01, 0.000000e+00, 0.000000e+00, 0.000000e+00, 1.000000e+08, 0.000000e+00, 0.000000e+00, 1.000000e+01, 5.000000e+00,  50.000000
27.156639, -29.917212, 3.199956e+01, 0.000000e+00, 0.000000e+00, 0.000000e+00, 1.000000e+08, 0.000000e+00, 0.000000e+00, 1.000000e+01, 5.000000e+00,  50.000000
13.338559, -31.506157, 9.688936e+01, 0.000000e+00, 0.000000e+00, 0.000000e+00, 1.000000e+08, 0.000000e+00, 0.000000e+00, 1.000000e+01, 5.000000e+00,  50.000000
23.332710, -31.362234, 5.831295e+01, 0.000000e+00, 0.000000e+00, 0.000000e+00, 1.000000e+08, 0.000000e+00, 0.000000e+00, 1.000000e+01, 5.000000e+00,  50.000000
24.974450, -28.506438, 2.150677e+01, 0.000000e+00, 0.000000e+00, 0.000000e+00, 1.000000e+08, 0.000000e+00, 0.000000e+00, 1.000000e+01, 5.000000e+00,  50.000000
27.283590, -37.327445, 9.492889e+01, 0.000000e+00, 0.000000e+00, 0.000000e+00, 1.000000e+08, 0.000000e+00, 0.000000e+00, 1.000000e+01, 5.000000e+00,  50.000000
18.674967, -31.643966, 4.026859e+01, 0.000000e+00, 0.000000e+00, 0.000000e+00, 1.000000e+08, 0.000000e+00, 0.000000e+00, 1.000000e+01, 5.000000e+00,  50.000000
20.046351, -32.843241, 2.322648e+01, 0.000000e+00, 0.000000e+00, 0.000000e+00, 1.000000e+08, 0.000000e+00, 0.000000e+00, 1.000000e+01, 5.000000e+00,  50.000000
11.870146, -26.324201, 5.290206e+01, 0.000000e+00, 0.000000e+00, 0.000000e+00, 1.000000e+08, 0.000000e+00, 0.000000e+00, 1.000000e+01, 5.000000e+00,  50.000000
24.868623, -28.604576, 5.028424e+01, 0.000000e+00, 0.000000e+00, 0.000000e+00, 1.000000e+08, 0.000000e+00, 0.000000e+00, 1.000000e+01, 5.000000e+00,  50.000000
11.112778, -23.934118, 2.158048e+01, 0.000000e+00, 0.000000e+00, 0.000000e+00, 1.000000e+08, 0.000000e+00, 0.000000e+00, 1.000000e+01, 5.000000e+00,  50.000000
12.416244, -36.483770, 7.582273e+01, 0.000000e+00, 0.000000e+00, 0.000000e+00, 1.000000e+08, 0.000000e+00, 0.000000e+00, 1.000000e+01, 5.000000e+00,  50.000000
30.691148, -33.584901, 6.588506e+01, 0.000000e+00, 0.000000e+00, 0.000000e+00, 1.000000e+08, 0.000000e+00, 0.000000e+00, 1.000000e+01, 5.000000e+00,  50.000000
31.151619, -29.513664, 2.750150e+01, 0.000000e+00, 0.000000e+00, 0.000000e+00, 1.000000e+08, 0.000000e+00, 0.000000e+00, 1.000000e+01, 5.000000e+00,  50.000000
17.413116, -24.231527, 3.001596e+01, 0.000000e+00, 0.000000e+00, 0.000000e+00, 1.000000e+08, 0.000000e+00, 0.000000e+00, 1.000000e+01, 5.000000e+00,  50.000000
19.010804, -28.990362, 4.355515e+01, 0.000000e+00, 0.000000e+00, 0.000000e+00, 1.000000e+08, 0.000000e+00, 0.000000e+00, 1.000000e+01, 5.000000e+00,  50.000000
24.856593, -31.271140, 1.793347e+01, 0.000000e+00, 0.000000e+00, 0.000000e+00, 1.000000e+08, 0.000000e+00, 0.000000e+00, 1.000000e+01, 5.000000e+00,  50.000000
25.984056, -27.815645, 9.576857e+01, 0.000000e+00, 0.000000e+00, 0.000000e+00, 1.000000e+08, 0.000000e+00, 0.000000e+00, 1.000000e+01, 5.000000e+00,  50.000000
15.997830, -23.845790, 1.468506e+01, 0.000000e+00, 0.000000e+00, 0.000000e+00, 1.000000e+08, 0.000000e+00, 0.000000e+00, 1.000000e+01, 5.000000e+00,  50.000000
24.739942, -26.031258, 3.150953e+01, 0.000000e+00, 0.000000e+00, 0.000000e+00, 1.000000e+08, 0.000000e+00, 0.000000e+00, 1.000000e+01, 5.000000e+00,  50.000000
10.238633, -26.047003, 8.359085e+01, 0.000000e+00, 0.000000e+00, 0.000000e+00, 1.000000e+08, 0.000000e+00, 0.000000e+00, 1.000000e+01, 5.000000e+00,  50.000000
16.040855, -39.250741, 6.284303e+01, 0.000000e+00, 0.000000e+00, 0.000000e+00, 1.000000e+08, 0.000000e+00, 0.000000e+00, 1.000000e+01, 5.000000e+00,  50.000000
13.892040, -26.933488, 9.543016e+01, 0.000000e+00, 0.000000e+00, 0.000000e+00, 1.000000e+08, 0.000000e+00, 0.000000e+00, 1.000000e+01, 5.000000e+00,  50.000000
29.191419, -33.448550, 8.786135e+01, 0.000000e+00, 0.000000e+00, 0.000000e+00, 1.000000e+08, 0.000000e+00, 0.000000e+00, 1.000000e+01, 5.000000e+00,  50.000000
8.579878, -31.003697, 4.948577e+01, 0.000000e+00, 0.000000e+00, 0.000000e+00, 1.000000e+08, 0.000000e+00, 0.000000e+00, 1.000000e+01, 5.000000e+00,  50.000000
15.577780, -32.891022, 5.426493e+01, 0.000000e+00, 0.000000e+00, 0.000000e+00, 1.000000e+08, 0.000000e+00, 0.000000e+00, 1.000000e+01, 5.000000e+00,  50.000000
18.340600, -34.141609, 6.207919e+01, 0.000000e+00, 0.000000e+00, 0.000000e+00, 1.000000e+08, 0.000000e+00, 0.000000e+00, 1.000000e+01, 5.000000e+00,  50.000000
24.023838, -23.155605, 2.201102e+01, 0.000000e+00, 0.000000e+00, 0.000000e+00, 1.000000e+08, 0.000000e+00, 0.000000e+00, 1.000000e+01, 5.000000e+00,  50.000000
20.209659, -26.330997, 2.081237e+01, 0.000000e+00, 0.000000e+00, 0.000000e+00, 1.000000e+08, 0.000000e+00, 0.000000e+00, 1.000000e+01, 5.000000e+00,  50.000000
19.908186, -32.451906, 1.755753e+01, 0.000000e+00, 0.000000e+00, 0.000000e+00, 1.000000e+08, 0.000000e+00, 0.000000e+00, 1.000000e+01, 5.000000e+00,  50.000000
19.858691, -30.977613, 3.525243e+01, 0.000000e+00, 0.000000e+00, 0.000000e+00, 1.000000e+08, 0.000000e+00, 0.000000e+00, 1.000000e+01, 5.000000e+00,  50.000000
13.489417, -23.425237, 9.168733e+01, 0.000000e+00, 0.000000e+00, 0.000000e+00, 1.000000e+08, 0.000000e+00, 0.000000e+00, 1.000000e+01, 5.000000e+00,  50.000000
17.729715, -26.065598, 4.248697e+01, 0.000000e+00, 0.000000e+00, 0.000000e+00, 1.000000e+08, 0.000000e+00, 0.000000e+00, 1.000000e+01, 5.000000e+00,  50.000000
15.078729, -35.279898, 4.589916e+01, 0.000000e+00, 0.000000e+00, 0.000000e+00, 1.000000e+08, 0.000000e+00, 0.000000e+00, 1.000000e+01, 5.000000e+00,  50.000000
14.223903, -32.724314, 4.545801e+01, 0.000000e+00, 0.000000e+00, 0.000000e+00, 1.000000e+08, 0.000000e+00, 0.000000e+00, 1.000000e+01, 5.000000e+00,  50.000000
27.256507, -22.547347, 9.940852e+01, 0.000000e+00, 0.000000e+00, 0.000000e+00, 1.000000e+08, 0.000000e+00, 0.000000e+00, 1.000000e+01, 5.000000e+00,  50.000000
12.889980, -37.687051, 7.657773e+01, 0.000000e+00, 0.000000e+00, 0.000000e+00, 1.000000e+08, 0.000000e+00, 0.000000e+00, 1.000000e+01, 5.000000e+00,  50.000000
21.391166, -32.224228, 4.010054e+01, 0.000000e+00, 0.000000e+00, 0.000000e+00, 1.000000e+08, 0.000000e+00, 0.000000e+00, 1.000000e+01, 5.000000e+00,  50.000000
10.062070, -29.859839, 7.306952e+01, 0.000000e+00, 0.000000e+00, 0.000000e+00, 1.000000e+08, 0.000000e+00, 0.000000e+00, 1.000000e+01, 5.000000e+00,  50.000000
19.740432, -25.295659, 1.406452e+01, 0.000000e+00, 0.000000e+00, 0.000000e+00, 1.000000e+08, 0.000000e+00, 0.000000e+00, 1.000000e+01, 5.000000e+00,  50.000000
26.453227, -36.744741, 1.210004e+01, 0.000000e+00, 0.000000e+00, 0.000000e+00, 1.000000e+08, 0.000000e+00, 0.000000e+00, 1.000000e+01, 5.000000e+00,  50.000000
27.948154, -26.118814, 5.986695e+01, 0.000000e+00, 0.000000e+00, 0.000000e+00, 1.000000e+08, 0.000000e+00, 0.000000e+00, 1.000000e+01, 5.000000e+00,  50.000000
19.999979, -30.310484, 2.469608e+01, 0.000000e+00, 0.000000e+00, 0.000000e+00, 1.000000e+08, 0.000000e+00, 0.000000e+00, 1.000000e+01, 5.000000e+00,  50.000000
15.442762, -29.648390, 4.641692e+01, 0.000000e+00, 0.000000e+00, 0.000000e+00, 1.000000e+08, 0.000000e+00, 0.000000e+00, 1.000000e+01, 5.000000e+00,  50.000000
17.681365, -31.119954, 2.496990e+01, 0.000000e+00, 0.000000e+00, 0.000000e+00, 1.000000e+08, 0.000000e+00, 0.000000e+00, 1.000000e+01, 5.000000e+00,  50.000000
22.067004, -33.615934, 3.012803e+01, 0.000000e+00, 0.000000e+00, 0.000000e+00, 1.000000e+08, 0.000000e+00, 0.000000e+00, 1.000000e+01, 5.000000e+00,  50.000000
18.943678, -20.447442, 9.541830e+01, 0.000000e+00, 0.000000e+00, 0.000000e+00, 1.000000e+08, 0.000000e+00, 0.000000e+00, 1.000000e+01, 5.000000e+00,  50.000000
15.429869, -25.601899, 4.871005e+01, 0.000000e+00, 0.000000e+00, 0.000000e+00, 1.000000e+08, 0.000000e+00, 0.000000e+00, 1.000000e+01, 5.000000e+00,  50.000000
16.293741, -25.170294, 7.019102e+01, 0.000000e+00, 0.000000e+00, 0.000000e+00, 1.000000e+08, 0.000000e+00, 0.000000e+00, 1.000000e+01, 5.000000e+00,  50.000000
26.442818, -31.606164, 3.688898e+01, 0.000000e+00, 0.000000e+00, 0.000000e+00, 1.000000e+08, 0.000000e+00, 0.000000e+00, 1.000000e+01, 5.000000e+00,  50.000000
13.192165, -33.872233, 2.794025e+01, 0.000000e+00, 0.000000e+00, 0.000000e+00, 1.000000e+08, 0.000000e+00, 0.000000e+00, 1.000000e+01, 5.000000e+00,  50.000000
27.272273, -23.321440, 1.137649e+01, 0.000000e+00, 0.000000e+00, 0.000000e+00, 1.000000e+08, 0.000000e+00, 0.000000e+00, 1.000000e+01, 5.000000e+00,  50.000000
18.277586, -27.934854, 2.840465e+01, 0.000000e+00, 0.000000e+00, 0.000000e+00, 1.000000e+08, 0.000000e+00, 0.000000e+00, 1.000000e+01, 5.000000e+00,  50.000000
26.850495, -27.456500, 4.306438e+01, 0.000000e+00, 0.000000e+00, 0.000000e+00, 1.000000e+08, 0.000000e+00, 0.000000e+00, 1.000000e+01, 5.000000e+00,  50.000000
29.748243, -30.133835, 3.484106e+01, 0.000000e+00, 0.000000e+00, 0.000000e+00, 1.000000e+08, 0.000000e+00, 0.000000e+00, 1.000000e+01, 5.000000e+00,  50.000000
16.243891, -37.355674, 3.936766e+01, 0.000000e+00, 0.000000e+00, 0.000000e+00, 1.000000e+08, 0.000000e+00, 0.000000e+00, 1.000000e+01, 5.000000e+00,  50.000000
25.743611, -36.787040, 3.518335e+01, 0.000000e+00, 0.000000e+00, 0.000000e+00, 1.000000e+08, 0.000000e+00, 0.000000e+00, 1.000000e+01, 5.000000e+00,  50.000000
20.297222, -25.802030, 2.044979e+01, 0.000000e+00, 0.000000e+00, 0.000000e+00, 1.000000e+08, 0.000000e+00, 0.000000e+00, 1.000000e+01, 5.000000e+00,  50.000000
16.070890, -26.460298, 1.967075e+01, 0.000000e+00, 0.000000e+00, 0.000000e+00, 1.000000e+08, 0.000000e+00, 0.000000e+00, 1.000000e+01, 5.000000e+00,  50.000000
27.343610, -33.092789, 2.705561e+01, 0.000000e+00, 0.000000e+00, 0.000000e+00, 1.000000e+08, 0.000000e+00, 0.000000e+00, 1.000000e+01, 5.000000e+00,  50.000000
14.842898, -23.499782, 2.546713e+01, 0.000000e+00, 0.000000e+00, 0.000000e+00, 1.000000e+08, 0.000000e+00, 0.000000e+00, 1.000000e+01, 5.000000e+00,  50.000000
15.277330, -24.355613, 1.875392e+01, 0.000000e+00, 0.000000e+00, 0.000000e+00, 1.000000e+08, 0.000000e+00, 0.000000e+00, 1.000000e+01, 5.000000e+00,  50.000000
23.437429, -24.726536, 4.581659e+01, 0.000000e+00, 0.000000e+00, 0.000000e+00, 1.000000e+08, 0.000000e+00, 0.000000e+00, 1.000000e+01, 5.000000e+00,  50.000000
24.026534, -28.478733, 5.789738e+01, 0.000000e+00, 0.000000e+00, 0.000000e+00, 1.000000e+08, 0.000000e+00, 0.000000e+00, 1.000000e+01, 5.000000e+00,  50.000000
17.174543, -32.301361, 6.345844e+01, 0.000000e+00, 0.000000e+00, 0.000000e+00, 1.000000e+08, 0.000000e+00, 0.000000e+00, 1.000000e+01, 5.000000e+00,  50.000000
27.249516, -32.386541, 2.275122e+01, 0.000000e+00, 0.000000e+00, 0.000000e+00, 1.000000e+08, 0.000000e+00, 0.000000e+00, 1.000000e+01, 5.000000e+00,  50.000000
23.418914, -39.115909, 9.328905e+01, 0.000000e+00, 0.000000e+00, 0.000000e+00, 1.000000e+08, 0.000000e+00, 0.000000e+00, 1.000000e+01, 5.000000e+00,  50.000000
12.673406, -29.579234, 6.279224e+01, 0.000000e+00, 0.000000e+00, 0.000000e+00, 1.000000e+08, 0.000000e+00, 0.000000e+00, 1.000000e+01, 5.000000e+00,  50.000000
17.582428, -24.722536, 4.728417e+01, 0.000000e+00, 0.000000e+00, 0.000000e+00, 1.000000e+08, 0.000000e+00, 0.000000e+00, 1.000000e+01, 5.000000e+00,  50.000000
23.042268, -39.276654, 4.927197e+01, 0.000000e+00, 0.000000e+00, 0.000000e+00, 1.000000e+08, 0.000000e+00, 0.000000e+00, 1.000000e+01, 5.000000e+00,  50.000000
23.119147, -23.446612, 5.359014e+01, 0.000000e+00, 0.000000e+00, 0.000000e+00, 1.000000e+08, 0.000000e+00, 0.000000e+00, 1.000000e+01, 5.000000e+00,  50.000000
12.883702, -35.827204, 2.397832e+01, 0.000000e+00, 0.000000e+00, 0.000000e+00, 1.000000e+08, 0.000000e+00, 0.000000e+00, 1.000000e+01, 5.000000e+00,  50.000000
23.352710, -27.457803, 1.253458e+01, 0.000000e+00, 0.000000e+00, 0.000000e+00, 1.000000e+08, 0.000000e+00, 0.000000e+00, 1.000000e+01, 5.000000e+00,  50.000000
11.211937, -33.973846, 8.698672e+01, 0.000000e+00, 0.000000e+00, 0.000000e+00, 1.000000e+08, 0.000000e+00, 0.000000e+00, 1.000000e+01, 5.000000e+00,  50.000000
17.817522, -29.364281, 2.003605e+01, 0.000000e+00, 0.000000e+00, 0.000000e+00, 1.000000e+08, 0.000000e+00, 0.000000e+00, 1.000000e+01, 5.000000e+00,  50.000000
17.508177, -33.547710, 2.583455e+01, 0.000000e+00, 0.000000e+00, 0.000000e+00, 1.000000e+08, 0.000000e+00, 0.000000e+00, 1.000000e+01, 5.000000e+00,  50.000000
17.340489, -25.154620, 3.263556e+01, 0.000000e+00, 0.000000e+00, 0.000000e+00, 1.000000e+08, 0.000000e+00, 0.000000e+00, 1.000000e+01, 5.000000e+00,  50.000000
17.573124, -23.855737, 6.906610e+01, 0.000000e+00, 0.000000e+00, 0.000000e+00, 1.000000e+08, 0.000000e+00, 0.000000e+00, 1.000000e+01, 5.000000e+00,  50.000000
18.024903, -27.548062, 2.904694e+01, 0.000000e+00, 0.000000e+00, 0.000000e+00, 1.000000e+08, 0.000000e+00, 0.000000e+00, 1.000000e+01, 5.000000e+00,  50.000000
24.196365, -22.692306, 4.404212e+01, 0.000000e+00, 0.000000e+00, 0.000000e+00, 1.000000e+08, 0.000000e+00, 0.000000e+00, 1.000000e+01, 5.000000e+00,  50.000000
19.340492, -24.117512, 1.142843e+01, 0.000000e+00, 0.000000e+00, 0.000000e+00, 1.000000e+08, 0.000000e+00, 0.000000e+00, 1.000000e+01, 5.000000e+00,  50.000000
18.598912, -27.788877, 6.360699e+01, 0.000000e+00, 0.000000e+00, 0.000000e+00, 1.000000e+08, 0.000000e+00, 0.000000e+00, 1.000000e+01, 5.000000e+00,  50.000000
26.452172, -28.683250, 1.496928e+01, 0.000000e+00, 0.000000e+00, 0.000000e+00, 1.000000e+08, 0.000000e+00, 0.000000e+00, 1.000000e+01, 5.000000e+00,  50.000000
14.178390, -23.653782, 1.212862e+01, 0.000000e+00, 0.000000e+00, 0.000000e+00, 1.000000e+08, 0.000000e+00, 0.000000e+00, 1.000000e+01, 5.000000e+00,  50.000000
24.061307, -37.534212, 1.888459e+01, 0.000000e+00, 0.000000e+00, 0.000000e+00, 1.000000e+08, 0.000000e+00, 0.000000e+00, 1.000000e+01, 5.000000e+00,  50.000000
24.118754, -30.739782, 3.410919e+01, 0.000000e+00, 0.000000e+00, 0.000000e+00, 1.000000e+08, 0.000000e+00, 0.000000e+00, 1.000000e+01, 5.000000e+00,  50.000000
13.020980, -32.268778, 5.442048e+01, 0.000000e+00, 0.000000e+00, 0.000000e+00, 1.000000e+08, 0.000000e+00, 0.000000e+00, 1.000000e+01, 5.000000e+00,  50.000000
28.226599, -23.554575, 1.187419e+01, 0.000000e+00, 0.000000e+00, 0.000000e+00, 1.000000e+08, 0.000000e+00, 0.000000e+00, 1.000000e+01, 5.000000e+00,  50.000000
16.829716, -25.632177, 2.084116e+01, 0.000000e+00, 0.000000e+00, 0.000000e+00, 1.000000e+08, 0.000000e+00, 0.000000e+00, 1.000000e+01, 5.000000e+00,  50.000000
19.035438, -28.570335, 2.312103e+01, 0.000000e+00, 0.000000e+00, 0.000000e+00, 1.000000e+08, 0.000000e+00, 0.000000e+00, 1.000000e+01, 5.000000e+00,  50.000000
22.968861, -37.373528, 5.616919e+01, 0.000000e+00, 0.000000e+00, 0.000000e+00, 1.000000e+08, 0.000000e+00, 0.000000e+00, 1.000000e+01, 5.000000e+00,  50.000000
28.640315, -26.167783, 4.107196e+01, 0.000000e+00, 0.000000e+00, 0.000000e+00, 1.000000e+08, 0.000000e+00, 0.000000e+00, 1.000000e+01, 5.000000e+00,  50.000000
19.086142, -25.814516, 4.075974e+01, 0.000000e+00, 0.000000e+00, 0.000000e+00, 1.000000e+08, 0.000000e+00, 0.000000e+00, 1.000000e+01, 5.000000e+00,  50.000000
22.741716, -27.608637, 3.430500e+01, 0.000000e+00, 0.000000e+00, 0.000000e+00, 1.000000e+08, 0.000000e+00, 0.000000e+00, 1.000000e+01, 5.000000e+00,  50.000000
26.873794, -27.538522, 3.524967e+01, 0.000000e+00, 0.000000e+00, 0.000000e+00, 1.000000e+08, 0.000000e+00, 0.000000e+00, 1.000000e+01, 5.000000e+00,  50.000000
23.582838, -36.798010, 1.660493e+01, 0.000000e+00, 0.000000e+00, 0.000000e+00, 1.000000e+08, 0.000000e+00, 0.000000e+00, 1.000000e+01, 5.000000e+00,  50.000000
23.039490, -35.889830, 3.738927e+01, 0.000000e+00, 0.000000e+00, 0.000000e+00, 1.000000e+08, 0.000000e+00, 0.000000e+00, 1.000000e+01, 5.000000e+00,  50.000000
15.743270, -23.476327, 8.679897e+01, 0.000000e+00, 0.000000e+00, 0.000000e+00, 1.000000e+08, 0.000000e+00, 0.000000e+00, 1.000000e+01, 5.000000e+00,  50.000000
14.114072, -38.553785, 1.497661e+01, 0.000000e+00, 0.000000e+00, 0.000000e+00, 1.000000e+08, 0.000000e+00, 0.000000e+00, 1.000000e+01, 5.000000e+00,  50.000000
15.934785, -23.927865, 8.024643e+01, 0.000000e+00, 0.000000e+00, 0.000000e+00, 1.000000e+08, 0.000000e+00, 0.000000e+00, 1.000000e+01, 5.000000e+00,  50.000000
15.884305, -36.548913, 1.601887e+01, 0.000000e+00, 0.000000e+00, 0.000000e+00, 1.000000e+08, 0.000000e+00, 0.000000e+00, 1.000000e+01, 5.000000e+00,  50.000000
23.304472, -29.235546, 6.882735e+01, 0.000000e+00, 0.000000e+00, 0.000000e+00, 1.000000e+08, 0.000000e+00, 0.000000e+00, 1.000000e+01, 5.000000e+00,  50.000000
25.594090, -22.410785, 4.816932e+01, 0.000000e+00, 0.000000e+00, 0.000000e+00, 1.000000e+08, 0.000000e+00, 0.000000e+00, 1.000000e+01, 5.000000e+00,  50.000000
13.129003, -30.727184, 8.886146e+01, 0.000000e+00, 0.000000e+00, 0.000000e+00, 1.000000e+08, 0.000000e+00, 0.000000e+00, 1.000000e+01, 5.000000e+00,  50.000000
24.928208, -38.853295, 2.115660e+01, 0.000000e+00, 0.000000e+00, 0.000000e+00, 1.000000e+08, 0.000000e+00, 0.000000e+00, 1.000000e+01, 5.000000e+00,  50.000000
12.764807, -30.398129, 2.464579e+01, 0.000000e+00, 0.000000e+00, 0.000000e+00, 1.000000e+08, 0.000000e+00, 0.000000e+00, 1.000000e+01, 5.000000e+00,  50.000000
23.443726, -21.675528, 2.193759e+01, 0.000000e+00, 0.000000e+00, 0.000000e+00, 1.000000e+08, 0.000000e+00, 0.000000e+00, 1.000000e+01, 5.000000e+00,  50.000000
9.681226, -34.384791, 4.409602e+01, 0.000000e+00, 0.000000e+00, 0.000000e+00, 1.000000e+08, 0.000000e+00, 0.000000e+00, 1.000000e+01, 5.000000e+00,  50.000000
22.814647, -37.905825, 1.654837e+01, 0.000000e+00, 0.000000e+00, 0.000000e+00, 1.000000e+08, 0.000000e+00, 0.000000e+00, 1.000000e+01, 5.000000e+00,  50.000000
29.662412, -26.486087, 1.757219e+01, 0.000000e+00, 0.000000e+00, 0.000000e+00, 1.000000e+08, 0.000000e+00, 0.000000e+00, 1.000000e+01, 5.000000e+00,  50.000000
25.161792, -27.392170, 2.391033e+01, 0.000000e+00, 0.000000e+00, 0.000000e+00, 1.000000e+08, 0.000000e+00, 0.000000e+00, 1.000000e+01, 5.000000e+00,  50.000000
17.190280, -26.484875, 3.012567e+01, 0.000000e+00, 0.000000e+00, 0.000000e+00, 1.000000e+08, 0.000000e+00, 0.000000e+00, 1.000000e+01, 5.000000e+00,  50.000000
22.589309, -20.388630, 1.392650e+01, 0.000000e+00, 0.000000e+00, 0.000000e+00, 1.000000e+08, 0.000000e+00, 0.000000e+00, 1.000000e+01, 5.000000e+00,  50.000000
10.209062, -30.494056, 2.799111e+01, 0.000000e+00, 0.000000e+00, 0.000000e+00, 1.000000e+08, 0.000000e+00, 0.000000e+00, 1.000000e+01, 5.000000e+00,  50.000000
21.788817, -24.822866, 1.148062e+01, 0.000000e+00, 0.000000e+00, 0.000000e+00, 1.000000e+08, 0.000000e+00, 0.000000e+00, 1.000000e+01, 5.000000e+00,  50.000000
22.211418, -29.452377, 5.993284e+01, 0.000000e+00, 0.000000e+00, 0.000000e+00, 1.000000e+08, 0.000000e+00, 0.000000e+00, 1.000000e+01, 5.000000e+00,  50.000000
10.793570, -30.716822, 4.491363e+01, 0.000000e+00, 0.000000e+00, 0.000000e+00, 1.000000e+08, 0.000000e+00, 0.000000e+00, 1.000000e+01, 5.000000e+00,  50.000000
10.658914, -28.114035, 5.443880e+01, 0.000000e+00, 0.000000e+00, 0.000000e+00, 1.000000e+08, 0.000000e+00, 0.000000e+00, 1.000000e+01, 5.000000e+00,  50.000000
10.871913, -32.020702, 5.792070e+01, 0.000000e+00, 0.000000e+00, 0.000000e+00, 1.000000e+08, 0.000000e+00, 0.000000e+00, 1.000000e+01, 5.000000e+00,  50.000000
18.457321, -39.422500, 3.943360e+01, 0.000000e+00, 0.000000e+00, 0.000000e+00, 1.000000e+08, 0.000000e+00, 0.000000e+00, 1.000000e+01, 5.000000e+00,  50.000000
24.189173, -25.361182, 6.862206e+01, 0.000000e+00, 0.000000e+00, 0.000000e+00, 1.000000e+08, 0.000000e+00, 0.000000e+00, 1.000000e+01, 5.000000e+00,  50.000000
27.651871, -27.247597, 3.063937e+01, 0.000000e+00, 0.000000e+00, 0.000000e+00, 1.000000e+08, 0.000000e+00, 0.000000e+00, 1.000000e+01, 5.000000e+00,  50.000000
24.087473, -37.101123, 1.902119e+01, 0.000000e+00, 0.000000e+00, 0.000000e+00, 1.000000e+08, 0.000000e+00, 0.000000e+00, 1.000000e+01, 5.000000e+00,  50.000000
17.321211, -20.400894, 3.072569e+01, 0.000000e+00, 0.000000e+00, 0.000000e+00, 1.000000e+08, 0.000000e+00, 0.000000e+00, 1.000000e+01, 5.000000e+00,  50.000000
12.019936, -27.077467, 1.545499e+01, 0.000000e+00, 0.000000e+00, 0.000000e+00, 1.000000e+08, 0.000000e+00, 0.000000e+00, 1.000000e+01, 5.000000e+00,  50.000000
25.287737, -31.865964, 5.707627e+01, 0.000000e+00, 0.000000e+00, 0.000000e+00, 1.000000e+08, 0.000000e+00, 0.000000e+00, 1.000000e+01, 5.000000e+00,  50.000000
13.609228, -31.441482, 1.258185e+01, 0.000000e+00, 0.000000e+00, 0.000000e+00, 1.000000e+08, 0.000000e+00, 0.000000e+00, 1.000000e+01, 5.000000e+00,  50.000000
22.847201, -39.710351, 9.025285e+01, 0.000000e+00, 0.000000e+00, 0.000000e+00, 1.000000e+08, 0.000000e+00, 0.000000e+00, 1.000000e+01, 5.000000e+00,  50.000000
10.603843, -35.552043, 1.831872e+01, 0.000000e+00, 0.000000e+00, 0.000000e+00, 1.000000e+08, 0.000000e+00, 0.000000e+00, 1.000000e+01, 5.000000e+00,  50.000000
20.211802, -39.484832, 7.496857e+01, 0.000000e+00, 0.000000e+00, 0.000000e+00, 1.000000e+08, 0.000000e+00, 0.000000e+00, 1.000000e+01, 5.000000e+00,  50.000000
21.573841, -39.309805, 9.072128e+01, 0.000000e+00, 0.000000e+00, 0.000000e+00, 1.000000e+08, 0.000000e+00, 0.000000e+00, 1.000000e+01, 5.000000e+00,  50.000000
11.573865, -32.168231, 1.484229e+01, 0.000000e+00, 0.000000e+00, 0.000000e+00, 1.000000e+08, 0.000000e+00, 0.000000e+00, 1.000000e+01, 5.000000e+00,  50.000000
23.311091, -32.372245, 4.034468e+01, 0.000000e+00, 0.000000e+00, 0.000000e+00, 1.000000e+08, 0.000000e+00, 0.000000e+00, 1.000000e+01, 5.000000e+00,  50.000000
20.920161, -23.453442, 1.027468e+01, 0.000000e+00, 0.000000e+00, 0.000000e+00, 1.000000e+08, 0.000000e+00, 0.000000e+00, 1.000000e+01, 5.000000e+00,  50.000000
27.407261, -29.273504, 1.368258e+01, 0.000000e+00, 0.000000e+00, 0.000000e+00, 1.000000e+08, 0.000000e+00, 0.000000e+00, 1.000000e+01, 5.000000e+00,  50.000000
23.445977, -30.482366, 1.598243e+01, 0.000000e+00, 0.000000e+00, 0.000000e+00, 1.000000e+08, 0.000000e+00, 0.000000e+00, 1.000000e+01, 5.000000e+00,  50.000000
10.054151, -29.421392, 8.061084e+01, 0.000000e+00, 0.000000e+00, 0.000000e+00, 1.000000e+08, 0.000000e+00, 0.000000e+00, 1.000000e+01, 5.000000e+00,  50.000000
22.816115, -23.387256, 9.582569e+01, 0.000000e+00, 0.000000e+00, 0.000000e+00, 1.000000e+08, 0.000000e+00, 0.000000e+00, 1.000000e+01, 5.000000e+00,  50.000000
28.415713, -29.057954, 4.968096e+01, 0.000000e+00, 0.000000e+00, 0.000000e+00, 1.000000e+08, 0.000000e+00, 0.000000e+00, 1.000000e+01, 5.000000e+00,  50.000000
20.365348, -28.224930, 1.126992e+01, 0.000000e+00, 0.000000e+00, 0.000000e+00, 1.000000e+08, 0.000000e+00, 0.000000e+00, 1.000000e+01, 5.000000e+00,  50.000000
11.411102, -25.010271, 1.351656e+01, 0.000000e+00, 0.000000e+00, 0.000000e+00, 1.000000e+08, 0.000000e+00, 0.000000e+00, 1.000000e+01, 5.000000e+00,  50.000000
22.100487, -35.588567, 3.323422e+01, 0.000000e+00, 0.000000e+00, 0.000000e+00, 1.000000e+08, 0.000000e+00, 0.000000e+00, 1.000000e+01, 5.000000e+00,  50.000000
20.229711, -31.970422, 2.563828e+01, 0.000000e+00, 0.000000e+00, 0.000000e+00, 1.000000e+08, 0.000000e+00, 0.000000e+00, 1.000000e+01, 5.000000e+00,  50.000000
24.204046, -24.397180, 6.330029e+01, 0.000000e+00, 0.000000e+00, 0.000000e+00, 1.000000e+08, 0.000000e+00, 0.000000e+00, 1.000000e+01, 5.000000e+00,  50.000000
15.289892, -31.722568, 3.883060e+01, 0.000000e+00, 0.000000e+00, 0.000000e+00, 1.000000e+08, 0.000000e+00, 0.000000e+00, 1.000000e+01, 5.000000e+00,  50.000000
29.380721, -32.022287, 2.126001e+01, 0.000000e+00, 0.000000e+00, 0.000000e+00, 1.000000e+08, 0.000000e+00, 0.000000e+00, 1.000000e+01, 5.000000e+00,  50.000000
23.326957, -35.150175, 4.599566e+01, 0.000000e+00, 0.000000e+00, 0.000000e+00, 1.000000e+08, 0.000000e+00, 0.000000e+00, 1.000000e+01, 5.000000e+00,  50.000000
12.695950, -27.910106, 5.788364e+01, 0.000000e+00, 0.000000e+00, 0.000000e+00, 1.000000e+08, 0.000000e+00, 0.000000e+00, 1.000000e+01, 5.000000e+00,  50.000000
13.971972, -31.615183, 1.761447e+01, 0.000000e+00, 0.000000e+00, 0.000000e+00, 1.000000e+08, 0.000000e+00, 0.000000e+00, 1.000000e+01, 5.000000e+00,  50.000000
22.318692, -33.519037, 5.345220e+01, 0.000000e+00, 0.000000e+00, 0.000000e+00, 1.000000e+08, 0.000000e+00, 0.000000e+00, 1.000000e+01, 5.000000e+00,  50.000000
13.885785, -35.197652, 3.296220e+01, 0.000000e+00, 0.000000e+00, 0.000000e+00, 1.000000e+08, 0.000000e+00, 0.000000e+00, 1.000000e+01, 5.000000e+00,  50.000000
14.082164, -36.344058, 2.807294e+01, 0.000000e+00, 0.000000e+00, 0.000000e+00, 1.000000e+08, 0.000000e+00, 0.000000e+00, 1.000000e+01, 5.000000e+00,  50.000000
12.556885, -24.410206, 3.837964e+01, 0.000000e+00, 0.000000e+00, 0.000000e+00, 1.000000e+08, 0.000000e+00, 0.000000e+00, 1.000000e+01, 5.000000e+00,  50.000000
24.484364, -32.585774, 1.793279e+01, 0.000000e+00, 0.000000e+00, 0.000000e+00, 1.000000e+08, 0.000000e+00, 0.000000e+00, 1.000000e+01, 5.000000e+00,  50.000000
12.845216, -35.237619, 7.345626e+01, 0.000000e+00, 0.000000e+00, 0.000000e+00, 1.000000e+08, 0.000000e+00, 0.000000e+00, 1.000000e+01, 5.000000e+00,  50.000000
19.312387, -31.916436, 3.081652e+01, 0.000000e+00, 0.000000e+00, 0.000000e+00, 1.000000e+08, 0.000000e+00, 0.000000e+00, 1.000000e+01, 5.000000e+00,  50.000000
28.149913, -24.490412, 9.729937e+01, 0.000000e+00, 0.000000e+00, 0.000000e+00, 1.000000e+08, 0.000000e+00, 0.000000e+00, 1.000000e+01, 5.000000e+00,  50.000000
16.816433, -20.435473, 2.181393e+01, 0.000000e+00, 0.000000e+00, 0.000000e+00, 1.000000e+08, 0.000000e+00, 0.000000e+00, 1.000000e+01, 5.000000e+00,  50.000000
16.167821, -36.771245, 2.459608e+01, 0.000000e+00, 0.000000e+00, 0.000000e+00, 1.000000e+08, 0.000000e+00, 0.000000e+00, 1.000000e+01, 5.000000e+00,  50.000000
15.191765, -25.596411, 6.623373e+01, 0.000000e+00, 0.000000e+00, 0.000000e+00, 1.000000e+08, 0.000000e+00, 0.000000e+00, 1.000000e+01, 5.000000e+00,  50.000000
25.225589, -29.232609, 1.813617e+01, 0.000000e+00, 0.000000e+00, 0.000000e+00, 1.000000e+08, 0.000000e+00, 0.000000e+00, 1.000000e+01, 5.000000e+00,  50.000000
10.121896, -28.932504, 1.397965e+01, 0.000000e+00, 0.000000e+00, 0.000000e+00, 1.000000e+08, 0.000000e+00, 0.000000e+00, 1.000000e+01, 5.000000e+00,  50.000000
11.785104, -36.889380, 9.566462e+01, 0.000000e+00, 0.000000e+00, 0.000000e+00, 1.000000e+08, 0.000000e+00, 0.000000e+00, 1.000000e+01, 5.000000e+00,  50.000000
20.904694, -33.446917, 5.932599e+01, 0.000000e+00, 0.000000e+00, 0.000000e+00, 1.000000e+08, 0.000000e+00, 0.000000e+00, 1.000000e+01, 5.000000e+00,  50.000000
29.071723, -26.890485, 3.726645e+01, 0.000000e+00, 0.000000e+00, 0.000000e+00, 1.000000e+08, 0.000000e+00, 0.000000e+00, 1.000000e+01, 5.000000e+00,  50.000000
23.194826, -36.945214, 4.520834e+01, 0.000000e+00, 0.000000e+00, 0.000000e+00, 1.000000e+08, 0.000000e+00, 0.000000e+00, 1.000000e+01, 5.000000e+00,  50.000000
23.593953, -27.278280, 2.921758e+01, 0.000000e+00, 0.000000e+00, 0.000000e+00, 1.000000e+08, 0.000000e+00, 0.000000e+00, 1.000000e+01, 5.000000e+00,  50.000000
24.403159, -28.508422, 2.224088e+01, 0.000000e+00, 0.000000e+00, 0.000000e+00, 1.000000e+08, 0.000000e+00, 0.000000e+00, 1.000000e+01, 5.000000e+00,  50.000000
17.808241, -29.495151, 8.660694e+01, 0.000000e+00, 0.000000e+00, 0.000000e+00, 1.000000e+08, 0.000000e+00, 0.000000e+00, 1.000000e+01, 5.000000e+00,  50.000000
26.643873, -24.562211, 2.669708e+01, 0.000000e+00, 0.000000e+00, 0.000000e+00, 1.000000e+08, 0.000000e+00, 0.000000e+00, 1.000000e+01, 5.000000e+00,  50.000000
25.936390, -29.497067, 6.214782e+01, 0.000000e+00, 0.000000e+00, 0.000000e+00, 1.000000e+08, 0.000000e+00, 0.000000e+00, 1.000000e+01, 5.000000e+00,  50.000000
19.874061, -26.512721, 1.990506e+01, 0.000000e+00, 0.000000e+00, 0.000000e+00, 1.000000e+08, 0.000000e+00, 0.000000e+00, 1.000000e+01, 5.000000e+00,  50.000000
19.108028, -21.788261, 8.486947e+01, 0.000000e+00, 0.000000e+00, 0.000000e+00, 1.000000e+08, 0.000000e+00, 0.000000e+00, 1.000000e+01, 5.000000e+00,  50.000000
12.946913, -34.158845, 4.134009e+01, 0.000000e+00, 0.000000e+00, 0.000000e+00, 1.000000e+08, 0.000000e+00, 0.000000e+00, 1.000000e+01, 5.000000e+00,  50.000000
19.365038, -27.707747, 1.354426e+01, 0.000000e+00, 0.000000e+00, 0.000000e+00, 1.000000e+08, 0.000000e+00, 0.000000e+00, 1.000000e+01, 5.000000e+00,  50.000000
18.947725, -27.346337, 3.619080e+01, 0.000000e+00, 0.000000e+00, 0.000000e+00, 1.000000e+08, 0.000000e+00, 0.000000e+00, 1.000000e+01, 5.000000e+00,  50.000000
22.807422, -36.495378, 1.245773e+01, 0.000000e+00, 0.000000e+00, 0.000000e+00, 1.000000e+08, 0.000000e+00, 0.000000e+00, 1.000000e+01, 5.000000e+00,  50.000000
23.513078, -31.497359, 1.451970e+01, 0.000000e+00, 0.000000e+00, 0.000000e+00, 1.000000e+08, 0.000000e+00, 0.000000e+00, 1.000000e+01, 5.000000e+00,  50.000000
20.272895, -33.455595, 3.081422e+01, 0.000000e+00, 0.000000e+00, 0.000000e+00, 1.000000e+08, 0.000000e+00, 0.000000e+00, 1.000000e+01, 5.000000e+00,  50.000000
15.324477, -28.234931, 5.757762e+01, 0.000000e+00, 0.000000e+00, 0.000000e+00, 1.000000e+08, 0.000000e+00, 0.000000e+00, 1.000000e+01, 5.000000e+00,  50.000000
22.397638, -30.065256, 2.082376e+01, 0.000000e+00, 0.000000e+00, 0.000000e+00, 1.000000e+08, 0.000000e+00, 0.000000e+00, 1.000000e+01, 5.000000e+00,  50.000000
21.581747, -31.233820, 6.785812e+01, 0.000000e+00, 0.000000e+00, 0.000000e+00, 1.000000e+08, 0.000000e+00, 0.000000e+00, 1.000000e+01, 5.000000e+00,  50.000000
21.183109, -37.161160, 8.632020e+01, 0.000000e+00, 0.000000e+00, 0.000000e+00, 1.000000e+08, 0.000000e+00, 0.000000e+00, 1.000000e+01, 5.000000e+00,  50.000000
16.838378, -37.917204, 1.535931e+01, 0.000000e+00, 0.000000e+00, 0.000000e+00, 1.000000e+08, 0.000000e+00, 0.000000e+00, 1.000000e+01, 5.000000e+00,  50.000000
17.412114, -20.559423, 1.487068e+01, 0.000000e+00, 0.000000e+00, 0.000000e+00, 1.000000e+08, 0.000000e+00, 0.000000e+00, 1.000000e+01, 5.000000e+00,  50.000000
26.801628, -36.172040, 1.124447e+01, 0.000000e+00, 0.000000e+00, 0.000000e+00, 1.000000e+08, 0.000000e+00, 0.000000e+00, 1.000000e+01, 5.000000e+00,  50.000000
17.111644, -27.491196, 1.595387e+01, 0.000000e+00, 0.000000e+00, 0.000000e+00, 1.000000e+08, 0.000000e+00, 0.000000e+00, 1.000000e+01, 5.000000e+00,  50.000000
27.913426, -25.615538, 6.448758e+01, 0.000000e+00, 0.000000e+00, 0.000000e+00, 1.000000e+08, 0.000000e+00, 0.000000e+00, 1.000000e+01, 5.000000e+00,  50.000000
28.603804, -27.937125, 1.900443e+01, 0.000000e+00, 0.000000e+00, 0.000000e+00, 1.000000e+08, 0.000000e+00, 0.000000e+00, 1.000000e+01, 5.000000e+00,  50.000000
18.934415, -33.254200, 1.455740e+01, 0.000000e+00, 0.000000e+00, 0.000000e+00, 1.000000e+08, 0.000000e+00, 0.000000e+00, 1.000000e+01, 5.000000e+00,  50.000000
15.066108, -21.827937, 7.049044e+01, 0.000000e+00, 0.000000e+00, 0.000000e+00, 1.000000e+08, 0.000000e+00, 0.000000e+00, 1.000000e+01, 5.000000e+00,  50.000000
17.218661, -22.400085, 3.618019e+01, 0.000000e+00, 0.000000e+00, 0.000000e+00, 1.000000e+08, 0.000000e+00, 0.000000e+00, 1.000000e+01, 5.000000e+00,  50.000000
15.951692, -31.934379, 1.636052e+01, 0.000000e+00, 0.000000e+00, 0.000000e+00, 1.000000e+08, 0.000000e+00, 0.000000e+00, 1.000000e+01, 5.000000e+00,  50.000000
10.679230, -24.657328, 1.796059e+01, 0.000000e+00, 0.000000e+00, 0.000000e+00, 1.000000e+08, 0.000000e+00, 0.000000e+00, 1.000000e+01, 5.000000e+00,  50.000000
15.132069, -37.301176, 1.030352e+01, 0.000000e+00, 0.000000e+00, 0.000000e+00, 1.000000e+08, 0.000000e+00, 0.000000e+00, 1.000000e+01, 5.000000e+00,  50.000000
20.116980, -27.569562, 1.411065e+01, 0.000000e+00, 0.000000e+00, 0.000000e+00, 1.000000e+08, 0.000000e+00, 0.000000e+00, 1.000000e+01, 5.000000e+00,  50.000000
13.251927, -37.847314, 1.809332e+01, 0.000000e+00, 0.000000e+00, 0.000000e+00, 1.000000e+08, 0.000000e+00, 0.000000e+00, 1.000000e+01, 5.000000e+00,  50.000000
21.025598, -27.894339, 2.168643e+01, 0.000000e+00, 0.000000e+00, 0.000000e+00, 1.000000e+08, 0.000000e+00, 0.000000e+00, 1.000000e+01, 5.000000e+00,  50.000000
25.456542, -23.498202, 5.525095e+01, 0.000000e+00, 0.000000e+00, 0.000000e+00, 1.000000e+08, 0.000000e+00, 0.000000e+00, 1.000000e+01, 5.000000e+00,  50.000000
20.153050, -25.309261, 1.171222e+01, 0.000000e+00, 0.000000e+00, 0.000000e+00, 1.000000e+08, 0.000000e+00, 0.000000e+00, 1.000000e+01, 5.000000e+00,  50.000000
20.524606, -39.707694, 3.426535e+01, 0.000000e+00, 0.000000e+00, 0.000000e+00, 1.000000e+08, 0.000000e+00, 0.000000e+00, 1.000000e+01, 5.000000e+00,  50.000000
19.718647, -21.102836, 2.063507e+01, 0.000000e+00, 0.000000e+00, 0.000000e+00, 1.000000e+08, 0.000000e+00, 0.000000e+00, 1.000000e+01, 5.000000e+00,  50.000000
15.557120, -25.128906, 4.538781e+01, 0.000000e+00, 0.000000e+00, 0.000000e+00, 1.000000e+08, 0.000000e+00, 0.000000e+00, 1.000000e+01, 5.000000e+00,  50.000000
18.149814, -31.453544, 4.077737e+01, 0.000000e+00, 0.000000e+00, 0.000000e+00, 1.000000e+08, 0.000000e+00, 0.000000e+00, 1.000000e+01, 5.000000e+00,  50.000000
11.268875, -23.763731, 2.816955e+01, 0.000000e+00, 0.000000e+00, 0.000000e+00, 1.000000e+08, 0.000000e+00, 0.000000e+00, 1.000000e+01, 5.000000e+00,  50.000000
17.186436, -33.423063, 5.359013e+01, 0.000000e+00, 0.000000e+00, 0.000000e+00, 1.000000e+08, 0.000000e+00, 0.000000e+00, 1.000000e+01, 5.000000e+00,  50.000000
12.826574, -26.203479, 8.166624e+01, 0.000000e+00, 0.000000e+00, 0.000000e+00, 1.000000e+08, 0.000000e+00, 0.000000e+00, 1.000000e+01, 5.000000e+00,  50.000000
21.400567, -28.800476, 2.113884e+01, 0.000000e+00, 0.000000e+00, 0.000000e+00, 1.000000e+08, 0.000000e+00, 0.000000e+00, 1.000000e+01, 5.000000e+00,  50.000000
18.648076, -36.854212, 6.683391e+01, 0.000000e+00, 0.000000e+00, 0.000000e+00, 1.000000e+08, 0.000000e+00, 0.000000e+00, 1.000000e+01, 5.000000e+00,  50.000000
13.394710, -36.104786, 9.941859e+01, 0.000000e+00, 0.000000e+00, 0.000000e+00, 1.000000e+08, 0.000000e+00, 0.000000e+00, 1.000000e+01, 5.000000e+00,  50.000000
15.250113, -29.899303, 4.907438e+01, 0.000000e+00, 0.000000e+00, 0.000000e+00, 1.000000e+08, 0.000000e+00, 0.000000e+00, 1.000000e+01, 5.000000e+00,  50.000000
27.335353, -27.650978, 2.662522e+01, 0.000000e+00, 0.000000e+00, 0.000000e+00, 1.000000e+08, 0.000000e+00, 0.000000e+00, 1.000000e+01, 5.000000e+00,  50.000000
21.923971, -34.256530, 3.231879e+01, 0.000000e+00, 0.000000e+00, 0.000000e+00, 1.000000e+08, 0.000000e+00, 0.000000e+00, 1.000000e+01, 5.000000e+00,  50.000000
14.761861, -38.147874, 3.646501e+01, 0.000000e+00, 0.000000e+00, 0.000000e+00, 1.000000e+08, 0.000000e+00, 0.000000e+00, 1.000000e+01, 5.000000e+00,  50.000000
11.290761, -28.474056, 8.849284e+01, 0.000000e+00, 0.000000e+00, 0.000000e+00, 1.000000e+08, 0.000000e+00, 0.000000e+00, 1.000000e+01, 5.000000e+00,  50.000000
19.096978, -21.029444, 9.221707e+01, 0.000000e+00, 0.000000e+00, 0.000000e+00, 1.000000e+08, 0.000000e+00, 0.000000e+00, 1.000000e+01, 5.000000e+00,  50.000000
18.974197, -30.983852, 2.893634e+01, 0.000000e+00, 0.000000e+00, 0.000000e+00, 1.000000e+08, 0.000000e+00, 0.000000e+00, 1.000000e+01, 5.000000e+00,  50.000000
13.358484, -22.585318, 4.197319e+01, 0.000000e+00, 0.000000e+00, 0.000000e+00, 1.000000e+08, 0.000000e+00, 0.000000e+00, 1.000000e+01, 5.000000e+00,  50.000000
15.725606, -37.630323, 5.967763e+01, 0.000000e+00, 0.000000e+00, 0.000000e+00, 1.000000e+08, 0.000000e+00, 0.000000e+00, 1.000000e+01, 5.000000e+00,  50.000000
21.304499, -21.376749, 4.594913e+01, 0.000000e+00, 0.000000e+00, 0.000000e+00, 1.000000e+08, 0.000000e+00, 0.000000e+00, 1.000000e+01, 5.000000e+00,  50.000000
14.415422, -23.731065, 6.940488e+01, 0.000000e+00, 0.000000e+00, 0.000000e+00, 1.000000e+08, 0.000000e+00, 0.000000e+00, 1.000000e+01, 5.000000e+00,  50.000000
27.408096, -34.131668, 3.177221e+01, 0.000000e+00, 0.000000e+00, 0.000000e+00, 1.000000e+08, 0.000000e+00, 0.000000e+00, 1.000000e+01, 5.000000e+00,  50.000000
30.142964, -29.882416, 1.711176e+01, 0.000000e+00, 0.000000e+00, 0.000000e+00, 1.000000e+08, 0.000000e+00, 0.000000e+00, 1.000000e+01, 5.000000e+00,  50.000000
13.665813, -25.354487, 7.291161e+01, 0.000000e+00, 0.000000e+00, 0.000000e+00, 1.000000e+08, 0.000000e+00, 0.000000e+00, 1.000000e+01, 5.000000e+00,  50.000000
19.485357, -22.059115, 1.577865e+01, 0.000000e+00, 0.000000e+00, 0.000000e+00, 1.000000e+08, 0.000000e+00, 0.000000e+00, 1.000000e+01, 5.000000e+00,  50.000000
21.998296, -23.714620, 1.989980e+01, 0.000000e+00, 0.000000e+00, 0.000000e+00, 1.000000e+08, 0.000000e+00, 0.000000e+00, 1.000000e+01, 5.000000e+00,  50.000000
24.029220, -28.732277, 1.682565e+01, 0.000000e+00, 0.000000e+00, 0.000000e+00, 1.000000e+08, 0.000000e+00, 0.000000e+00, 1.000000e+01, 5.000000e+00,  50.000000
26.662965, -25.954053, 9.599787e+01, 0.000000e+00, 0.000000e+00, 0.000000e+00, 1.000000e+08, 0.000000e+00, 0.000000e+00, 1.000000e+01, 5.000000e+00,  50.000000
28.872354, -30.713916, 3.021569e+01, 0.000000e+00, 0.000000e+00, 0.000000e+00, 1.000000e+08, 0.000000e+00, 0.000000e+00, 1.000000e+01, 5.000000e+00,  50.000000
30.791336, -29.828669, 3.613947e+01, 0.000000e+00, 0.000000e+00, 0.000000e+00, 1.000000e+08, 0.000000e+00, 0.000000e+00, 1.000000e+01, 5.000000e+00,  50.000000
26.000042, -25.554142, 2.094632e+01, 0.000000e+00, 0.000000e+00, 0.000000e+00, 1.000000e+08, 0.000000e+00, 0.000000e+00, 1.000000e+01, 5.000000e+00,  50.000000
13.799099, -26.106489, 3.810727e+01, 0.000000e+00, 0.000000e+00, 0.000000e+00, 1.000000e+08, 0.000000e+00, 0.000000e+00, 1.000000e+01, 5.000000e+00,  50.000000
17.063361, -33.669435, 1.564233e+01, 0.000000e+00, 0.000000e+00, 0.000000e+00, 1.000000e+08, 0.000000e+00, 0.000000e+00, 1.000000e+01, 5.000000e+00,  50.000000
25.294738, -26.194832, 9.654922e+01, 0.000000e+00, 0.000000e+00, 0.000000e+00, 1.000000e+08, 0.000000e+00, 0.000000e+00, 1.000000e+01, 5.000000e+00,  50.000000
